Complile all files:

javac *.java

Run the file Driver with input file path 

java Driver <<FilePath>>


Sample:

Input:

java Driver D:\Implementaion_of_Algorithms\MandatoryProject4\mp4-data\mp4\sample.txt

Output:

17
1 3 25 30 12 7 26 10 15 14
Task    EC      LC      Slack
1       2       2       0
2       13      14      1
3       4       4       0
4       10      11      1
5       12      12      0
6       3       4       1
7       11      11      0
8       10      11      1
9       6       7       1
10      14      14      0
11      3       4       1
12      9       9       0
13      8       9       1
14      17      17      0
15      16      16      0
16      2       2       0
17      8       9       1
18      17      17      0
19      15      16      1
20      13      14      1
21      5       5       0
22      6       7       1
23      15      16      1
24      5       5       0
25      5       5       0
26      12      12      0
27      2       2       0
28      12      12      0
29      16      17      1
30      7       7       0

17
54
1 3 25 30 12 7 26 10 15 14
1 3 25 30 12 7 26 10 15 18
1 3 25 30 12 7 28 10 15 14
1 3 25 30 12 7 28 10 15 18
1 3 25 30 12 7 5 10 15 14
1 3 25 30 12 7 5 10 15 18
1 3 24 30 12 7 26 10 15 14
1 3 24 30 12 7 26 10 15 18
1 3 24 30 12 7 28 10 15 14
1 3 24 30 12 7 28 10 15 18
1 3 24 30 12 7 5 10 15 14
1 3 24 30 12 7 5 10 15 18
1 3 21 30 12 7 26 10 15 14
1 3 21 30 12 7 26 10 15 18
1 3 21 30 12 7 28 10 15 14
1 3 21 30 12 7 28 10 15 18
1 3 21 30 12 7 5 10 15 14
1 3 21 30 12 7 5 10 15 18
16 3 25 30 12 7 26 10 15 14
16 3 25 30 12 7 26 10 15 18
16 3 25 30 12 7 28 10 15 14
16 3 25 30 12 7 28 10 15 18
16 3 25 30 12 7 5 10 15 14
16 3 25 30 12 7 5 10 15 18
16 3 24 30 12 7 26 10 15 14
16 3 24 30 12 7 26 10 15 18
16 3 24 30 12 7 28 10 15 14
16 3 24 30 12 7 28 10 15 18
16 3 24 30 12 7 5 10 15 14
16 3 24 30 12 7 5 10 15 18
16 3 21 30 12 7 26 10 15 14
16 3 21 30 12 7 26 10 15 18
16 3 21 30 12 7 28 10 15 14
16 3 21 30 12 7 28 10 15 18
16 3 21 30 12 7 5 10 15 14
16 3 21 30 12 7 5 10 15 18
27 3 25 30 12 7 26 10 15 14
27 3 25 30 12 7 26 10 15 18
27 3 25 30 12 7 28 10 15 14
27 3 25 30 12 7 28 10 15 18
27 3 25 30 12 7 5 10 15 14
27 3 25 30 12 7 5 10 15 18
27 3 24 30 12 7 26 10 15 14
27 3 24 30 12 7 26 10 15 18
27 3 24 30 12 7 28 10 15 14
27 3 24 30 12 7 28 10 15 18
27 3 24 30 12 7 5 10 15 14
27 3 24 30 12 7 5 10 15 18
27 3 21 30 12 7 26 10 15 14
27 3 21 30 12 7 26 10 15 18
27 3 21 30 12 7 28 10 15 14
27 3 21 30 12 7 28 10 15 18
27 3 21 30 12 7 5 10 15 14
27 3 21 30 12 7 5 10 15 18
Time: 63 msec.
Memory: 2 MB / 184 MB.